[Documentation]
information1 = This file stores the OID assignments for resources defined in this IG.
information2 = It must be added to git and committed when resources are added or their id is changed
information3 = You should not generally need to edit this file, but if you do:
information4 =  (a) you can change the id of a resource (left side) if you change it's actual id in your source, to maintain OID consistency
information5 =  (b) you can change the oid of the resource to an OID you assign manually. If you really know what you're doing with OIDs
information6 = There is never a reason to edit anything else

[Key]
CodeSystem = 2
ValueSet = 4
ConceptMap = 1
StructureDefinition = 10

[CodeSystem]
livd-device-type = 2.16.840.1.113883.4.642.40.51.16.1
livd-section-type = 2.16.840.1.113883.4.642.40.51.16.2

[ValueSet]
livd-device-type = 2.16.840.1.113883.4.642.40.51.48.1
livd-section-type = 2.16.840.1.113883.4.642.40.51.48.2
livd-bundle-type = 2.16.840.1.113883.4.642.40.51.48.3
testcode-mappings-livd = 2.16.840.1.113883.4.642.40.51.48.4

[ConceptMap]
66a4034b-6cc6-46ed-be83-343dfc51f2d7 = 2.16.840.1.113883.4.642.40.51.18.1

[StructureDefinition]
bundle-uv-livd = 2.16.840.1.113883.4.642.40.51.42.1
catalog-uv-livd = 2.16.840.1.113883.4.642.40.51.42.2
conceptmap-testcode-uv-livd = 2.16.840.1.113883.4.642.40.51.42.3
devicedefinition-uv-livd = 2.16.840.1.113883.4.642.40.51.42.4
ext-analyte = 2.16.840.1.113883.4.642.40.51.42.5
ext-device = 2.16.840.1.113883.4.642.40.51.42.6
ext-region = 2.16.840.1.113883.4.642.40.51.42.7
ext-vendorReferenceIdentifier = 2.16.840.1.113883.4.642.40.51.42.8
observationdefinition-uv-livd = 2.16.840.1.113883.4.642.40.51.42.9
valueset-uv-livd = 2.16.840.1.113883.4.642.40.51.42.10

